u = [-0.0145463641052299;0.0201773083126974;0.153806538807858;0.150036333041453;0.237532852436987;0.297108074177879;0.327722470412214;0.440733851484378;0.528233154775137;0.542081422910555;0.587110305943414;0.646857964883302;0.724961964419780;0.787192333271356;0.873558296634403;0.923232605032304;0.974046993206332;1.07483709917321;1.08242189731763;1.14428511477531;1.20470220496494;1.30990376381513;1.34411014591007;1.39773891493999;1.45459132652326;1.56156729875937;1.59743831036850;1.62625159063227;1.73566573955950;1.73562537609411;1.88568106477405;1.91763207578463;1.95840129826786;2.03680096739179;2.11273469509180;2.18918416470767;2.15390868758652;2.27388012361008;2.31327700015354;2.36205175735431;2.43687857168317;2.47180791024230;2.57485831172041;2.63197150944564;2.63679496884621;2.69910103724988;2.77081203929856;2.90620388878296;2.91946016886025;2.97635990281906];
y_tilde = [1.83937090842982;1.81102730124416;1.86527330710397;1.84112183182780;1.80107424004267;1.80597313259905;1.85398605321406;1.79801390003805;1.81725034651868;1.85354328042890;1.82331800383862;1.85022524741154;1.81561338420660;1.82047140408814;1.80347216600278;1.80724941770582;1.84984619704059;1.78249811848362;1.81249434610703;1.78803056902432;1.77600551053679;1.81286057472460;1.79113955735415;1.77400834929934;1.73621318356781;1.80709641906308;1.74321043083095;1.73759397330927;1.75598607011994;1.79870365332073;1.76896111176596;1.75092557915427;1.77579298753909;1.75106641490956;1.73237466240224;1.73791547879384;1.75684180212191;1.70334637726434;1.71541974237344;1.72107624859668;1.72871779926872;1.73250356568978;1.70231720227559;1.68162662682766;1.68548307828133;1.70463979609666;1.71096970531465;1.67742640028201;1.64432031082616;1.64583338574799];